-500.0 -500.0 -500.0 -500.0 -500.0 -500.0 -485.2246408603335 
-496.37709252942324 -499.55860328159 -499.8642687502493 -330.83235293345484 -497.54545606592507 -498.6720137838584 -499.9999999999167 
-499.7784253589412 -499.8058482259578 -499.5947617601178 -86.51365840254527 -499.5833693476654 -499.99997520740675 -499.93486269505235 
-495.26837410676706 -499.55835614165034 -499.88538673710946 -499.87885033225103 -73.23093173900241 -499.86126122496324 -499.94777762954385 
-499.6780861463482 -499.98664382893713 -499.9812194575979 -469.30499436038343 -492.8065443077716 -114.07257692086006 -499.70830298224445 
-494.6552826178408 -166.2899792927451 -498.179270998355 -499.6149275731385 -492.5695057134001 -499.7810615683017 -499.91217312400266 
-109.0331664020407 -497.85590399676937 -492.400241318563 -499.9715429785502 -494.25939692664986 -496.2134252698511 -499.9635247273692 
-494.8372312896241 -499.98020573970115 -98.6858470010713 -499.3258270575065 -499.14110594621025 -499.9452903474889 -499.96395109030567 
-487.35699302701295 -347.4992936574324 -494.5477643684769 -385.1148120388195 -498.23750429061096 -402.4769367943701 -499.78484805076675 
-462.25148903152126 -173.07938258885764 -498.0417213403745 -492.20891265868994 -491.37303859586706 -497.2655016994255 -487.5129624666272 
-465.3844151429072 -329.4215276578669 -352.90429981927014 -499.9972678599343 -496.6614434343339 -494.3562507767153 -491.05323639232114 
-487.19712615110035 -301.4416324719833 -497.6201863169565 -449.7981767580603 -399.88003540869875 -499.87760867031807 -499.781588676849 
-490.3816491823243 -498.87268336492133 -487.7275264034188 -499.4137754440391 -499.67490985594225 -148.98647802220546 -487.0730985220205 
-498.43919600238166 -498.6050835190851 -499.9959353542141 -168.44870404268858 -499.30628590925147 -499.8519743815927 -488.5794809144201 
-292.39465530842153 -481.26236741352625 -492.58481357124106 -351.63818874725655 -496.5236707494369 -499.719208892102 -499.57801821186825 
-497.8184130016336 -498.0502794308481 -499.9657627517148 -101.74830678407932 -499.5943928442719 -499.8237967091216 -486.1517985487136 
-499.9935165904473 -498.44463452634886 -498.86470413662636 -499.99997908262424 -216.62782566117414 -490.86094817378853 -498.54013710898346 
-499.86057503215005 -496.57936385469526 -208.6999427593583 -485.36727214896507 -442.9417939584763 -484.1322392244411 -496.30154552833034 
-498.0375177320551 -498.2460969710247 -499.96843934721255 -141.67332568598943 -499.63505525358505 -487.7471750899294 -487.2397626469501 
-418.0422199154967 -425.7920037013019 -487.84793402115406 -492.74823851299715 -270.9466337527782 -499.86312892035187 -499.9984195044919 
-362.53850142011584 -379.20288932616523 -467.16993076047055 -499.9855802786448 -499.4593422778925 -499.9159568417812 -494.3612962444185 
-499.9545998062292 -499.7149524554385 -489.6912589860318 -230.80969685737352 -460.7416575060695 -494.2325162317864 -489.4787051644083 
-412.2006894526729 -499.9350327763779 -499.4160868593708 -499.5373442039007 -290.04909290702255 -499.899528094798 -493.2418869095883 
-455.8046561540806 -498.7648191254597 -136.9052592101591 -499.92154707485395 -499.1692318267976 -499.77504207450335 -499.9607480344091 
-460.09215472186963 -498.88464704780864 -172.12996945419815 -499.92915798530134 -499.70259924168766 -498.9866839650612 -489.2017597758895 
-494.10867240464717 -499.9844145006564 -238.25372513659147 -494.45405345591615 -488.4274544322706 -497.99661786472114 -490.6974405811947 
-328.20459906446433 -495.1281054859587 -483.093001823453 -499.353264709991 -499.98553369055526 -355.28540886506073 -488.83276321334046 
-446.00398928032064 -242.86910143242784 -446.70344859702925 -499.017695715008 -493.40527818526374 -498.88985594897684 -486.5746406588838 
-476.5263266842174 -476.095520160176 -493.2746047422519 -496.20710708977856 -415.0253843460906 -433.72077387255723 -499.563097947587 
-494.6472423512289 -499.67893145595036 -248.58223806836196 -499.67271410774083 -489.20151913860235 -490.14818270920637 -497.26763529307004 
-499.9972371188875 -499.9868029080388 -499.98398764391226 -499.28346781344675 -468.7727644633383 -315.61381354317723 -496.7556655879054 
-494.8272276637712 -495.41715093312826 -490.8033379233024 -496.0202801899774 -466.657286931341 -296.14147381002624 -499.74041620310004 
-497.8447839962694 -497.5012681969751 -492.0738282005803 -287.26170748341667 -486.44841938975316 -499.2749745352783 -494.1392192925684 
-499.99849006781994 -499.9999728081295 -499.9984578308788 -499.93098993012785 -464.0684572294838 -231.18093622100383 -495.4292015333183 
-393.24784850009496 -495.3160951723598 -488.8301320940594 -499.9939548955893 -311.9963030756081 -495.110118194082 -499.35650789168335 
-347.5764371358056 -499.18238319709184 -378.8217436164802 -495.5499082672746 -393.893589670297 -493.94296589556205 -499.9548157140731 
-499.98435257094127 -499.93266455706924 -499.92174012171125 -499.9970511422043 -449.81618198449456 -274.69134618586264 -498.12733568507923 
-498.87693896302915 -499.99921279156445 -499.9125475610298 -368.3671063213941 -323.6086157970618 -499.89539544061506 -499.99879209664556 
-499.9994593183877 -499.997498431022 -499.47652993664474 -488.2049909705924 -484.06205708760467 -211.2173112943583 -492.8926426604781 
-264.4168816457773 -469.59500484910814 -456.99669026308055 -499.5470618493583 -459.2868197080745 -493.70042278312667 -496.5854864869918 
-439.8497575221342 -430.2625242300805 -338.66509857873103 -499.2150087520554 -479.0034227526941 -499.06591590663123 -492.32069438165956 
-497.505263261104 -465.3195295618382 -267.37432998557415 -499.2398431131361 -494.6033267309131 -488.7554512949033 -499.9113036079575 
-497.7451042015767 -499.6347566135735 -499.9963968386816 -206.09178079092823 -499.384994044775 -498.72154386658895 -489.834277719727 
-496.842739545711 -499.6426799509712 -212.4213688326043 -479.6187542949878 -459.0197226978209 -493.6590946867111 -496.530010308188 
-487.42879980596683 -499.0161462041904 -499.98934638810925 -499.7000799926915 -171.6279392636975 -446.9612579363834 -498.1017259611409 
-484.9034786572853 -205.69197504693045 -454.1304451682398 -499.37793377676917 -491.9404784748674 -486.59164019408513 -486.9134015225261 
-313.27163526730806 -495.74559833724413 -472.8897285799844 -499.98919627911647 -499.9837548092482 -337.49026339201794 -499.9661719940735 
-499.52271020390856 -499.9848835162684 -499.97214068578444 -454.89470480682604 -499.2862560009115 -123.23815292212589 -499.7107368414382 
-257.3641483769727 -446.1501213035149 -458.2394773977432 -489.96460131263103 -499.66536886395187 -499.76990481704917 -499.945209549007 
-377.2175169829072 -488.90324143970264 -495.61400337145136 -412.2457122000082 -497.94379163367216 -499.8339153216984 -492.52837562537303 
-423.46289303293554 -266.49219898911747 -497.05251481812826 -499.4515524497971 -434.014091280053 -486.0179923879102 -495.96770321762625 
-497.1821873997776 -499.9716234108723 -499.7889614326391 -315.2680412264673 -471.2438236584567 -499.8142191390399 -495.9557563326092 
-195.94100926673252 -476.5655173776176 -486.4606354523179 -499.45888300120885 -490.4690214449297 -497.78667995274304 -486.34990466384 
-499.69480908367467 -499.9873376618029 -499.9607421953339 -469.0396598852374 -499.341888165052 -177.31600198929084 -499.9096636831585 
-134.79660183911358 -491.70717194199347 -476.3824302793304 -498.92957884039066 -497.40698115677054 -497.16916666266565 -499.16086448541193 
-357.22247783239914 -487.1134687984161 -411.41525262142864 -344.9799831560207 -499.9305428448118 -499.7092019934632 -499.87766420583694 
-450.198249258571 -498.58768701079566 -489.75823055484693 -498.63954100788203 -354.6699644381192 -330.48466251260584 -499.9889385216435 
-473.349456786475 -395.4956577527947 -365.0569627303805 -499.0654199758113 -486.71907601360516 -496.2703816138215 -492.28100259884644 
-473.9786369033853 -380.36490561140124 -293.80185263476756 -499.3144031119015 -487.9131403213238 -497.7014382086274 -485.8241976224018 
-497.5675410863975 -499.94925031857707 -499.9775300132072 -259.833790018831 -498.87536247842183 -499.9723309868894 -491.69650976224716 
-499.72821643066277 -495.77759893435325 -499.90043179849835 -499.89600388275073 -165.52410115597132 -475.62087244515124 -499.9563560942537 
-363.7550144204558 -487.28306876538915 -485.476115547559 -499.78743736209196 -246.6980030621849 -499.8661336168425 -499.9496116363214 
-491.1537022478684 -407.55888731957054 -376.1586946311555 -433.3072875281173 -499.9992097977986 -498.433708411196 -491.3165514955728 
-463.6366519693919 -462.9692844314344 -489.58160978424854 -499.99586761376014 -375.2618369403314 -403.249491684035 -499.3622361315147 
-479.9852325709635 -419.2445658160731 -413.04082997793523 -446.1634094069707 -499.3519421948748 -496.7252902663803 -492.7853360923459 
-495.1578367201598 -499.97611192003154 -123.19506951275025 -499.3767660863042 -499.9986716303274 -498.665964538566 -499.96611136095356 
-171.65262820954013 -483.80734651433664 -465.20595845791837 -497.67320880340105 -498.5543443419729 -499.96088723315273 -499.67223876043795 
-499.7394049936742 -496.0426551956331 -173.38188612337808 -499.45933700030764 -496.0642742089421 -498.8299139349289 -499.88709149433157 
-496.2905415611453 -425.25592655770606 -362.8133229302033 -436.11818731454633 -481.267645111073 -498.4272081998679 -490.61039436459913 
-202.801724656396 -485.34348344884313 -480.5026922488509 -499.4853223723205 -463.33742572450905 -499.96237546977386 -485.50893423676536 
-310.7314265333689 -499.9137060706105 -473.4852375619481 -455.84007685435756 -398.00354158408936 -499.6156443828675 -499.77115657205053 
-430.1287002382952 -286.8289747592786 -497.30921864117016 -498.90346144461535 -439.63556797007936 -486.50029058082185 -496.30395926861337 
-494.1694889619208 -499.8766686439399 -499.1663023040013 -185.07111475896437 -494.0290258085854 -499.6521009852731 -499.95559266687593 
-498.46459357878217 -472.5121064221283 -288.69513085519657 -495.74855699981623 -498.48260483813 -407.0309281773541 -490.2234192416516 
-413.5424383168439 -461.22097258367467 -481.76097678610887 -499.0003288353182 -453.9911208742063 -368.4796260873611 -492.7871789218138 
-496.54912557474694 -441.72657549894416 -494.5919418990132 -480.0448442021317 -359.0874659436816 -498.32608064759575 -499.38089314516094 
-491.09109573016195 -281.4299660211276 -495.48973385033383 -477.5046671409884 -453.08314444333286 -486.9525263417349 -497.0294289168258 
-499.9997980961342 -499.9945692724419 -498.7510126456735 -476.987712731139 -499.83701591920993 -195.58083622014226 -494.90991003459413 
-373.1787252736269 -485.6602010922146 -497.48292625520645 -408.8102428400501 -472.45220526963624 -499.75083194598585 -491.448259398962 
-246.66273226430928 -460.394902166451 -462.7609001201527 -499.9836437309996 -499.38667314744174 -498.6296049167475 -493.57637921696255 
-342.753575495016 -495.54069556736323 -477.0456450892898 -499.9994222498263 -499.22136813709807 -361.8389934216018 -486.5434853929368 
-491.3574713046666 -322.80447544331145 -499.93658541388487 -470.85187975493636 -415.64690968030857 -499.6821302955966 -499.8119928039031 
-409.3194109994966 -495.84784386276635 -431.5591526637181 -396.3733906655345 -451.61942116774196 -499.920395265318 -499.90346081948775 
-467.27607685487226 -221.20162277671022 -493.56754483200075 -400.48781135174886 -498.96638697148495 -499.94362396788125 -499.8607965338803 
-499.78476160372 -499.9801330146462 -497.7622354180993 -273.5801714035068 -498.6175462028467 -499.71552102557615 -491.9955299511047 
-486.1476358945189 -498.9158790890481 -499.98528887666794 -499.66944865781005 -138.0907483027321 -483.9152804428582 -498.111334171333 
-455.08705684717347 -286.1229880452704 -456.3129454485532 -499.1846725176891 -431.0246795281926 -498.8890586432999 -486.0172285322141 
-118.47273430784315 -493.57300093091425 -497.91667981063165 -499.3170647491099 -491.15185626663043 -485.2796354694867 -496.02290222142085 
-426.0464425845735 -414.2591250524807 -303.38560371713885 -499.0395687245373 -496.7992556071576 -499.64616459470466 -491.1738173251009 
-489.31887929962465 -499.99687462313034 -499.8209178606904 -280.15251310523183 -495.66740100487004 -414.05527712602725 -499.57937487687434 
-151.39492563448346 -458.174869439968 -495.47858517584854 -485.0859814144991 -494.12813865307896 -496.2672885133476 -499.733020064384 
-475.89175684111217 -389.16061256483283 -311.1079091586098 -492.9956076671839 -491.1461990250736 -460.17830882240975 -499.9041519565443 
-499.9501236191943 -499.99980823584093 -491.490901593436 -341.14987810302495 -499.72354571140426 -451.9641216651235 -495.66613031107244 
-227.07717868539493 -497.2515493885562 -499.07575985955305 -484.710452016675 -497.21839486431577 -499.92082192708284 -489.9282817332305 
-451.09989990171874 -260.2069102105004 -463.3010591965 -499.5952641145108 -499.3948477136791 -498.6478698685146 -493.66747124388183 
-483.9268300150308 -498.6048548987858 -394.6115345704431 -497.9346023797825 -232.3334217362745 -499.868018775187 -499.8283541086818 
-499.1130972142849 -416.95759768098173 -499.9970531397609 -474.5101405243215 -356.43998359119666 -382.32932309236105 -499.9682535433383 
-321.79379281476747 -483.91581661914046 -493.6348832877897 -335.8498523727915 -492.67184434023955 -484.84453680469005 -499.57647390257495 
-499.5660046497113 -494.8070712822701 -499.8744731811858 -499.86857037178896 -90.8496603412255 -499.8669791621146 -499.94962333849463 
-499.9418515470687 -499.26816574850346 -490.47310156688343 -499.27296833658585 -193.45501489000236 -496.01520275093543 -496.05312409866326 
