7.807982385117374E-4 -> 0.9953146009230416 -18.99531582021482 
7.807982385117374E-4 -> 0.9953146009230416 -18.99531582021482 
0.9998337401731201 -> -5.998669949027288 -14.00066506694985 
0.9998337401731201 -> -5.998669949027288 -14.00066506694985 
0.7538707106255493 -> -4.091545312092368 -15.045096784585773 
0.7195469372691465 -> -3.835029418548288 -15.20046617131853 
0.27830168047616494 -> -0.7472619082128489 -17.407641742498868 
0.35558221902303816 -> -1.2599320286235756 -16.992945400347118 
0.3909446893264467 -> -1.4985058860712321 -16.80716961415387 
0.5111450897444522 -> -2.3281398412365775 -16.194398764303152 
0.48947512748119887 -> -2.1764366653099305 -16.302735135535542 
0.29719797751666716 -> -0.871514502940002 -17.305138772739994 
0.2528120430352034 -> -0.580786187314855 -17.547041670892412 
0.9690929513599467 -> -5.7536988565352125 -14.12458344021585 
0.09776611923170586 -> 0.40384507054013596 -18.422961498679392 
0.4715096299442567 -> -2.051379110795711 -16.393263551464628 
0.5292764831598776 -> -2.4557924945853546 -16.10447469666682 
0.4385625625361475 -> -1.8237124964751583 -16.560961746041386 
0.3279334174866814 -> -1.0751408312245836 -17.139939821384406 
0.4546333845481158 -> -1.9344918216343707 -16.47889120705698 
0.6178018879162854 -> -3.0884905002106393 -15.674867845215214 
0.9105299989428974 -> -5.29224487263234 -14.365884885317566 
0.3163911915040337 -> -0.9984505350855457 -17.201756237037138 
0.12411981615588748 -> 0.2398753743021036 -18.270686831827245 
0.19927648315987762 -> -0.23537001569983573 -17.844052217781304 
0.22719797751666715 -> -0.4148067860876665 -17.688431055887662 
0.3971979775166672 -> -1.5409540984433328 -16.77457836824333 
0.7038707106255494 -> -3.718658241029811 -15.272209713523221 
0.7839084472954632 -> -4.3179631375139635 -14.911061769968406 
0.774931959927738 -> -4.250111302083871 -14.950927782951018 
0.15776611923170586 -> 0.028513136232332315 -18.078293432987195 
0.59942839009492 -> -2.955884735421307 -15.762744054282267 
0.8611450897444521 -> -4.908441404057696 -14.574700327124265 
0.34927648315987764 -> -1.217652960647797 -17.026335162729268 
0.6538707106255494 -> -3.350771169967258 -15.504322642460664 
0.5738707106255493 -> -2.772551856267169 -15.886103328760576 
0.8050537508015051 -> -4.478434046488601 -14.817789036870542 
0.5892764831598776 -> -2.8829056725645366 -15.811587874646008 
0.4211450897444522 -> -1.7042337250825739 -16.65049264814915 
0.6894751274811989 -> -3.6122267163024073 -15.338525186528024 
0.24094468932644672 -> -0.5037224792732999 -17.612386207355936 
0.6623800905768795 -> -3.4130279278539124 -15.464466840931358 
0.6346221876008814 -> -3.210478446600616 -15.59501219539004 
0.9872235181361908 -> -5.897951383578345 -14.051269165944053 
0.07281204303520339 -> 0.5578261481778206 -18.568429335399742 
0.8503798710744284 -> -4.825425151575132 -14.62086669868199 
0.5628728061049528 -> -2.694062632482183 -15.939588959222746 
0.8905615024896324 -> -5.1364688046543865 -14.449730774778796 
0.07281204303520339 -> 0.5578261481778206 -18.568429335399742 
0.5450505548331398 -> -2.5673834363227517 -16.026776778325075 
